1246
134
436
736
1520
1202
1547
456
629
424
735
424A
504
734
598
710
325
440
642
22
1291
1316
584
1347
748B
807
1082
1083
77
1563
496
1317
450
933
1334
1335
32
24+1339
1058
633
447A
494
485
767
1358
1492
314
80
651
731
495
448
316
317
816
780
1452
861
813
640C
1466
315
658
604
1151
318
319
320A
320B
321
560
596
597
703A
703B
703C
1177B
515
1503
541
1177A
2
421
453
1490
242C
659
1069
449
1569
1212
451
47
548
1223
1566
551
875
982
1341
1342
1343A
356
1350
594
778
1080
79
640a
874
1444
1459
552
878
559
784+1555
880A
1239
883
884
970
444
565
445
880B
647
248
886
959
1081B
255
983
1274
585
1295
243
1019
1033
661
1321
250
240
867B
1300
238
869
1332
815
1068
1081A
1376
381
197
1088
1087
1377
252
253
1117
1437+1548
847A
847B
1431
1445
868
1468
872
638
1470
1475
922
1137
1245
196
863
1244
1158
1508
1181
1081C
1288B
1055
1515
1516
1187
1519
873
909
587
867A
1571
1356
805
119
285
497
210A
882
591
777
176
300
1235
946
275
416
346
388
472
133
135
144
148
149
150
151
152
157
153
427
428
429
430
431
432
433
434
729A
729B
729C
729D
729E
729F
729G
729H
652
488
862
397
398
399
435
1249
156
269
386
425
426
471
506
1247
1248
287
389
1253
636
1463
228
297
1254
823
1458
981
48
782
267
342
344
303
210
123
189
511
879
298
187
338
347
898
334
393
310
1024
1034
928
339
1319
185
586A
656
341
49
336
1067
804
25
489
836
824
390
307
340
175
328
1112
183
345
184
1123
945
191
505
693
745
1467
158
158A
154
392C
507
508
509
510
1446
1447
1448
1502
464
465
466
467
468
469
470
475
476
145
401
146
147
244
1367
961
179
155
395
396
473
392A
394
391
335
1150
304
167
810
556
826
458
1155
1501
343
159
1507
1169
740
1504
186
209
730
1182
1524
1526
819
1125
653
1276
1552
832
101
1226
180
181
383
385
86
190
251
932
960
217
182
1236
402
1240
41
384
387
648
276
699
929
963
665
292
609
964
273
44
102
420
620
621
622
623
624
625
626
627
792
818
1419
1453
221
1265A
977
1266
1267
608
1119
214
776
4
337
422
998
814
1289
991
178
299
9
370
1146
1423
1471
204
218
203
222
925
85
94
121
881
1296
19
122
1297
1016
1017
1018
1032
1537
111
1025
237
294
165
213
739
1456
215
760
302
92
199
163
204A
178A
59
1325
1048
193
483
1330
219
369
17
786
18
214A
26
891
1060
1065
380
459
246
1265B
194
28
211
1375
1089
1374
405
7
443
206
254
442
602A
602B
602C
10
368
1124
1104
1133
1413
926
212
1111
1390
20
293
1120
1418
270
794
491
1421
1122
301
27
52
177
696
700
779
866
1422
349
231
1286
205
1438
220
797
382
1143
770
773
893
419
781
1046
1472
1139
266
702
1144
1140
271
256
1147
1474
806
1013
1348
1510
51
618
1047
5
6
787
952
13
280
1488
200
1489
208
50
664
927
1531
118
1192
492
265
249
417
1188
207
1190
1538
216
1051
628
865
854
631
164
1464
1196
290
290A
1197
1198
291
12
11
29
403
404
1322
1557+1558
1559
8
60
288
660
1564
268
418
274
55
1570
107
563
564
1229
943
817
99
1237
953
160
649
1241
957
64
958
1243
272
897
1002
1255
722
966
1256
1257
1258
371
723
15
114
414
1260
1259
88
871
56
351
725
706
1135
72
1473
793
67
850
613A
613B
81
846
1269
313A
985
1500
526
410
1284
1405
230
1285
997
987
989
988
1086
23
1133B
931
992
768
70
93
313
408
437
1294
117
1003
605
1298
1299
90
1301
1010
1306
308
362
1532
1311
938
888
62
607
855
109
353
1075
169
1044
1045
113
162
890
1042
1320
1043
762
769
97
1326
103
110
1328
1382
1052
195
707
329
1336
756
66
1338
125
201
697
1136
1011
535
1349
774
1070
1066
619
763
616
761
759
168
1451
112
1076
174
721
1079
1366
305
423
124
1380
1092
326
1292
1386
1387
694
603
116
1406
1103
1412
1194
828
1114
714
1115
1118
1420
755
1424
1425
1426
1494
1126A
1430
226
1437+1548
1455
1439
1442
139
355
1441
21
1499
98
1132
1428
1450
84
1138
592
1142
91
1469
894
136
366
106
1476
1482
904
107A
895
1165
198
921
71
327
1486
120
1498
306
378
534
615
1171
715
772
1178
1505
709
528
1521
1518
1525
105
1530
1477
486
1533
192
1012
1539
108
161
896
1072
1540
1542
554
100
65
1541
63
409
1200
1172
1203
1204
1205
1549
1206
1550
16
115
614
1091
311
662
1567
224
224A
1268
178B
411
1224
1225
76
1227
73
75
446
698
742
942
962
1231
1232
1233
954
955
798
887
956
281
1250
1252
967
978
980
1179
844
295
971
1262
1263
972
1153
332
750
1264
1562
976
1273
1275
984
1113
1287
990
1288A
1415
1282
1290
1337B
1000
1293
995
996
1001
1006
853C
1305
1307
853A
1304
1310
1308+1309
853D
1015
1030
1029
1028
712
1008
1035
801
1302
1303
54
1497
1009
1126B
1314
1021
1312
907
701
1023B
834
264
360
1022
1023A
1020
1315
900
1026
1027
1036
1039
889
1037
1038
695
1040
1429
333
1041
775
1323
808
1053
1059
284
1057
1061
589
1056
1337A
1064
277
1351
1352
1385
242B
1354
1353
1071
1359
1360
1014
233
1362
1535
727
1365
1077
1078
1084
1373
1090
234
1094
1095
74
1093
279
1098
1389
1384
1102
348
1127
1436
455
1128
484
724
1443
593
1129
1130
1131
1134
1449
1168
1159
812
1568
282
1141
1457
1148
1145
1149
1478
1481
1283
235
357
905
1173
1170
1162
809A
809B
1157
1462
746
1156
1484
236
1160
1161
1175
1163
903B
1
493
764
1485
1487
1495
1176
1506
1509
1511
457
1513
1514
1185
1183
229
1152
1517
1186
137
367
1534
1191
1536
1193
1195
547
1545
1546
1201
1207
1208
374
379
1213
365
906
1242
1214
748A
1215
1220
330
853B
1218
1219
1560
1216
1217
765
1222
1572
944
947
1238
195A
1251
278
296
803
545
968
979
969
749
170
104
973
974
975
1180
630
799
1565
999
188
901
994
172
1004
743
1031
1313
359
400
802
1327
1050
1049
1333
1331
1074
588
747
796
1073
1361
885
1367
487
940
239
1096
227
1388
1099
1100
1105
1106
1107
899
744
741
173
1110
1108
1109
171
1414
1116
263
364
1427
986
166
1154
1454
590
1340
289
1164
38
1101
1184
1097
1357
1522
758
753
363
1211
1221
838
948
126
950
671
949
951
522
413
474
521
524
537
752
131
570
840
687
568
1279
1280
1391
245
543
669
566
920
43
688
788
841
257+258
259
260
261
262
477
478
479
480
481
553
783
916
918
919
553A
553B
37
668
789
790
791
842
902
679
611
674
892
685
677
1364
31
33
681
1085
1496
676
538
540
675
407
557
581A
581B
599A
599B
599C
914
915
917
1281
1383
1393
1394
1395
1396
1397
1398
1399
1400
1401
1402
1403
1407
657
666A
666B
666C
666D
666E
751
574
1392
690
1054
579
754
655
913
578
912
34+36
517
518
848
1404
529
532
576
669B
686a
678
412
1409+1410
130
1408
1411
242a
392
686B
324
577
582
689
571
682
241
837
242
1460
323
667
672
673
127
680
684
1527
569
670
542
575
539
634
573
713
785
1528
766
129
520
1529
322
911
839
132
30
523
516
941
1277
1278
580
704
757
856
46
128
530
519
683
1561
1228
572
83
1368
601
531
606
1167
358
1318
857
361
930
58
1543
61
68
1371
1372
1416
924
820
1199
14
57
1230
1234
934
821
937
935
283
738
40
141
142
406
460
512
733
617
392B
138
737
936
663
600
1272
514
461
691
1270
1271
1005
513
720
586B
1324
831
45
1329
825
864
140
562
463
533
536
650
1121
858
719
143
939
1479
1480
96
377
728
225
95
1491
1166
708
716
1523
827
732
1189
462
654
558
1209
717
632
1551
42
373
415
718
829
923
372
375
822
830
69
39
870
546
965
1465
544
286
1261
637
993
247
555
860
89
1062
439
503
549
641
1063
1344
1345
501
859
1369+1370
354
232
438
502
876
910
1343B
1378+1379
644
1381
498
1346
78
849
1432
53
202
223
454
500
567A
567B
595
771
1433
1434
1435
645
852
908
1440
639
499
640B
643
705
711
1461
1493
1174
1007
1512
1553
646
1556
561
692
352
877
1554
452
635
811
1544
1417
1210
